   1.06714401445831e-02
   2.12183993747076e-02
   3.16936997831780e-02
   4.21643852319191e-02
   5.25925557594136e-02
   6.30038331719792e-02
   7.33836928932911e-02
   8.37556962335792e-02
   9.41264256546793e-02
   1.04470397140202e-01
   1.14788521447541e-01
   1.25099824363132e-01
   1.35396551112166e-01
   1.45674511728055e-01
   1.55951279610178e-01
   1.66224747133207e-01
   1.76494457303599e-01
   1.86762970275963e-01
   1.97027751771933e-01
   2.07289200415723e-01
   2.17548577751277e-01
   2.27802286677271e-01
   2.38055739842612e-01
   2.48308954572715e-01
   2.58502682637944e-01
   2.68683906192273e-01
   2.78843938565244e-01
   2.88982619756275e-01
   2.99115522869102e-01
   3.09244458987252e-01
   3.19372546759029e-01
   3.29499549781731e-01
   3.39626018574586e-01
   3.49747396811149e-01
   3.59863087692572e-01
   3.69952138936598e-01
   3.80033498557755e-01
   3.90112956080683e-01
   4.00190730827143e-01
   4.10267955895360e-01
   4.20339739026504e-01
   4.30405625531729e-01
   4.40467954977714e-01
   4.50527991262603e-01
   4.60579087424648e-01
   4.70629122316901e-01
   4.80676605498243e-01
   4.90722773431210e-01
   5.00743663596513e-01
   5.10758651444512e-01
   5.20769556697616e-01
   5.30770215793725e-01
   5.40769583158260e-01
   5.50763317697307e-01
   5.60752823982629e-01
   5.70738029812062e-01
   5.80714757856170e-01
   5.90671797853579e-01
   6.00620740070517e-01
   6.10566775876456e-01
   6.20502117119377e-01
   6.30402816318382e-01
   6.40291917801940e-01
   6.50180077044910e-01
   6.60058625236800e-01
   6.69928280013894e-01
   6.79795392348556e-01
   6.89652648818736e-01
   6.99497842463420e-01
   7.09337213356660e-01
   7.19174377460157e-01
   7.29010829880539e-01
   7.38846760938679e-01
   7.48679575077754e-01
   7.58500182906711e-01
   7.68307282939141e-01
   7.78094166934233e-01
   7.87878292271524e-01
   7.97643809990795e-01
   8.07404775646067e-01
   8.17160768760669e-01
   8.26902293790439e-01
   8.36630097700419e-01
   8.46357000548135e-01
   8.56068560475136e-01
   8.65778309424102e-01
   8.75468046972065e-01
   8.85155020569504e-01
   8.94841141545750e-01
   9.04511597484572e-01
   9.14181636036609e-01
   9.23831486793223e-01
   9.33474710452554e-01
   9.43104554087162e-01
   9.52713968506255e-01
   9.62282685208385e-01
   9.71841534117106e-01
   9.81359784030554e-01
   9.90852958022394e-01
   1.00000000000000e+00
