   6.02042895666771e-02
   4.84126291821103e-02
   4.57879956944021e-02
   4.36339907830712e-02
   4.36219714111050e-02
   3.96041249335583e-02
   3.55329546005964e-02
   3.43498580336755e-02
   3.34626280947283e-02
   3.24616672461177e-02
   3.22071375385411e-02
   3.11401976892651e-02
   2.72327712910174e-02
   2.71386922914148e-02
   2.61191273581252e-02
   2.60693608480867e-02
   2.45772318095165e-02
   2.35406400472201e-02
   2.35101984920172e-02
   2.26271500552931e-02
   2.22991676080657e-02
   2.01681507757329e-02
   1.91017567012868e-02
   1.90195770446442e-02
   1.86578878666904e-02
   1.79839515920390e-02
   1.76363629201562e-02
   1.56855301841438e-02
   1.48001486016902e-02
   1.41596454449338e-02
   1.27826141906680e-02
   1.16432926051725e-02
   1.15421122199061e-02
   1.08265540337483e-02
   9.52149288038297e-03
   8.80606509656377e-03
   8.25839840803699e-03
   7.55835661323025e-03
   7.51034931903480e-03
   6.35151607598264e-03
   6.23680034348746e-03
   6.05213084837318e-03
   4.41615998563801e-03
   2.99621248169741e-03
   2.83140337536753e-03
   2.68189158402594e-03
   2.16775146551091e-03
   2.07278116525924e-03
   2.05593886169585e-03
   1.46742944091307e-03
   1.38333214438866e-03
   1.28647071177708e-03
   1.27290301848777e-03
   1.25261203584491e-03
   9.30878933830159e-04
   6.64242007579073e-04
   5.66134207826765e-04
   5.50947032798034e-04
   4.72575289925011e-04
   3.81623124725468e-04
   3.27675005113175e-04
   2.93515738677744e-04
   2.88800098009491e-04
   2.50709261000709e-04
   2.37441336268872e-04
   2.15461921205033e-04
   2.09646242312838e-04
   1.37832227666857e-04
   1.37052255857351e-04
   1.19431307611551e-04
   8.47240972782457e-05
   6.96399308747794e-05
   6.68020017844374e-05
   6.53103040046319e-05
   3.73268577923725e-05
   3.24235615549812e-05
   3.12842276903398e-05
   2.86012295968619e-05
   2.05697230806679e-05
   1.87973787607415e-05
   7.95060211023397e-06
   7.19793818279204e-06
   6.12246000634095e-06
   3.72800063897943e-06
   2.89068068829857e-06
   2.62561122853676e-06
   2.54087507038880e-06
   1.62255199282376e-06
   1.07329091789139e-06
   1.01044815844677e-06
   8.55868681151906e-07
   7.78743087349322e-07
   4.42570345533402e-07
   1.87244712409998e-07
   1.00488840407303e-07
   5.91641185742165e-08
   3.40782517115476e-09
   1.31890804002798e-10
   7.42221518354062e-12
   1.40315526946390e-13
